energy level index | energy level | count
0     0.000000001     0
1     0.0000000011081363557394032     0
2     0.0000000012279661829114084     0
3     0.0000000013607539709026724     0
4     0.0000000015079009463740135     0
5     0.0000000016709598595308951     0
6     0.0000000018516513693273897     0
7     0.000000002051882200506335     0
8     0.0000000022737652640756356     0
9     0.0000000025196419535396233     0
10     0.0000000027921068521635066     0
11     0.0000000030940351119914825     0
12     0.000000003428612793532007     0
13     0.00000000379937048626605     0
14     0.000000004210220564754716     0
15     0.00000000466549847348638     0
16     0.000000005170008476116941     0
17     0.000000005729074351866068     0
18     0.0000000063485955740369426     0
19     0.000000007035109563476622     0
20     0.000000007795860673898401     0
21     0.000000008638876637025925     0
22     0.000000009573053274236172     0
23     0.000000010608248368611225     0
24     0.000000011755385687971344     0
25     0.000000013026570256579692     0
26     0.000000014435216091909511     0
27     0.00000001599618775439944     0
28     0.000000017725957203883447     0
29     0.000000019642777617904077     0
30     0.000000021766876006103722     0
31     0.0000000241206666532353     0
32     0.00000002672898764312109     0
33     0.00000002961936295945172     0
34     0.000000032822292929209584     0
35     0.000000036371576073585465     0
36     0.000000040304665762681434     0
37     0.000000044663065437552615     0
38     0.00000004949276657012001     0
39     0.0000000548447339824739     0
40     0.00000006077544364683559     0
41     0.00000006734747864125004     0
42     0.00000007463018954975204     0
43     0.00000008270042627580306     0
44     0.00000009164334899136383     0
45     0.00000010155332677904415     0
46     0.00000011253493345014264     0
47     0.00000012470405104681766     0
48     0.0000001381890926729609     0
49     0.00000015313235755755     0
50     0.00000016969153264960657     0
51     0.00000018804135659016918     0
52     0.00000020837546362012388     0
53     0.00000023090842688151246     0
54     0.00000025587802267399837     0
55     0.0000002835477395597687     0
56     0.0000003142095587939078     0
57     0.0000003481870354203671     0
58     0.00000038583871254643176     0
59     0.00000042756190482438723     0
60     0.0000004737968910650936     0
61     0.0000005250315602255323     0
62     0.000000581806559796495     0
63     0.0000006447210009181666     0
64     0.0000007144387804261195     0
65     0.0000007916955865403031     0
66     0.0000008773066621237416     0
67     0.000000972175407431704     0
68     0.0000010773029131308369     0
69     0.0000011937985241842517     0
70     0.0000013228915460766134     0
71     0.0000014659442169078047     0
72     0.0000016244660822414695     0
73     0.000001800129924397326     0
74     0.0000019947894142791057     0
75     0.0000022104986720067853     0
76     0.0000024495339427643914     0
77     0.0000027144176165949074     0
78     0.00000300794484560832     0
79     0.000003333213039477529     0
80     0.0000036936545504696853     0
81     0.000004093072892917744     0
82     0.000004535682879333611     0
83     0.000005026155096694355     0
84     0.000005569665192231915     0
85     0.0000061719484888084725     0
86     0.000006839360506199544     0
87     0.00000757894402692797     0
88     0.000008398503414352886     0
89     0.00000930668696724595     0
90     0.000010313078179891319     0
91     0.000011428296870720333     0
92     0.000012664111246628067     0
93     0.000014033562085516831     0
94     0.000015551100347487295     0
95     0.000017232739666802322     0
96     0.000019096225333776203     0
97     0.00002116122154974925     0
98     0.000023449518931133282     0
99     0.000025985264452188205     0
100     0.000028795216252972474     0
101     0.000031909026001296984     0
102     0.00003535955178827113     0
103     0.00003918320485923351     0
104     0.00004342033383890154     0
105     0.0000481156505052286     0
106     0.00005331870160489485     0
107     0.0000590843916892049     0
108     0.00006547356248755506     0
109     0.00007255363493223543     0
110     0.00008039932060945451     0
111     0.00008909341014408475     0
112     0.00009872764683746214     0
113     0.00010940369477719221     0
114     0.00012123421163482387     0
115     0.0001343440374719534     0
116     0.00014887151209948816     0
117     0.00016496993489134142     0
118     0.0001828091824570579     0
119     0.00020257750124366396     0
120     0.00022448349398294842     0
121     0.0002487583209459125     0
122     0.0002756581392328566     0
123     0.000305466805839403     0
124     0.0003384988730222322     0
125     0.00037510290757275175     0
126     0.000415665169024923     0
127     0.00046061368561108165     0
128     0.0005104227709767597     0
129     0.0005656180293165951     0
130     0.0006267819017473952     0
131     0.0006945598124457706     0
132     0.0007696669794067004     0
133     0.0008528959616926961     0
134     0.0009451250228149987     0
135     0.0010473273985003339     0
136     0.001160581566640189     0
137     0.0012860826277949875     0
138     0.001425154916344494     0
139     0.0015792659753620833     0
140     0.0017500420426809747     0
141     0.0019392852115672347     0
142     0.0021489924470854353     0
143     0.002381376658824759     0
144     0.0026388900523529467     0
145     0.00292425000581136     0
146     0.0032404677447107266     0
147     0.0035908801175148306     0
148     0.003979184807319968     0
149     0.004409479351197153     0
150     0.004886304378943766     0
151     0.005414691527516237     0
152     0.006000216536754861     0
153     0.006649058086686841     0
154     0.007368062997280772     0
155     0.008164818478665067     0
156     0.009047732194221654     0
157     0.01002612098141085     0
158     0.011110309166543018     0
159     0.012311737510951055     0
160     0.013643083938205403     0
161     0.015118397316329761     0
162     0.016753245706738022     0
163     0.018564880644271524     0
164     0.020572419181880016     0
165     0.022797045620951896     0
166     0.025262235056026622     0
167     0.027994001092817515     0
168     0.03102117035355976     0
169     0.034375686666364896     0
170     0.03809294814850516     0
171     0.04221218074065467     0
172     0.04677685213376205     0
173     0.05183513045646814     0
174     0.05744039256330711     0
175     0.0636517872873438     0
176     0.07053485960089703     0
177     0.07816224227072843     0
178     0.08661442230630557     0
179     0.09598059028898305     0
180     0.10635958154455034     0
181     0.11786091909074622     0
182     0.13060596936531607     0
183     0.1447292229302939     0
184     0.1603797136669714     0
185     0.1777225914374465     0
186     0.19694086480805537     0
187     0.2182373322245648     0
188     0.2418367220176193     0
189     0.2679880638205675     0
190     0.29696731642378205     0
191     0.329080279795561     0
192     0.3646658219983558     0
193     0.404099455051973     0
194     0.44779729747757174     0
195     0.4962204653367494     0
196     0.5498799381015779     0
197     0.6093419507020905     0
198     0.6752339686501555     0
199     0.7482513092914372     0
200     0.8291644790554495     0
201     0.9188273041290691     0
202     1.0181859403514462     0
203     1.128288857406152     0
204     1.2502979026674272     0
205     1.385500561450501     0
206     1.5353235430406593     0
207     1.7013478358659835     0
208     1.8853253906816565     0
209     2.0891976078129355     0
210     2.3151158235413036     0
211     2.5654640118136944     0
212     2.8428839408318143     0
213     3.1503030499834486     0
214     3.4909653412833825     0
215     3.8684656113023403     0
216     4.286787384811775     0
217     4.750344950434963     0
218     5.264029941880089     0
219     5.8332629562981     0
220     6.464050754461852     0
221     7.16304964636389     0
222     7.937635731102096     0
223     8.795982732250375     0
224     9.74714825006264     0
225     10.801169340676145     0
226     11.969168430901027     0
227     13.263470686249763     0
228     14.697734070717253     0
229     16.28709347075147     0
230     20     0
