energy level index |         energy level |         count
-------------------|----------------------|--------------
                 0 |    0.000000010000000 |             0
                 1 |    0.000000010971454 |             0
                 2 |    0.000000012037281 |             0
                 3 |    0.000000013206648 |             0
                 4 |    0.000000014489613 |             0
                 5 |    0.000000015897213 |             0
                 6 |    0.000000017441555 |             0
                 7 |    0.000000019135922 |             0
                 8 |    0.000000020994889 |             0
                 9 |    0.000000023034447 |             0
                10 |    0.000000025272138 |             0
                11 |    0.000000027727211 |             0
                12 |    0.000000030420783 |             0
                13 |    0.000000033376023 |             0
                14 |    0.000000036618351 |             0
                15 |    0.000000040175657 |             0
                16 |    0.000000044078538 |             0
                17 |    0.000000048360567 |             0
                18 |    0.000000053058575 |             0
                19 |    0.000000058212973 |             0
                20 |    0.000000063868098 |             0
                21 |    0.000000070072592 |             0
                22 |    0.000000076879824 |             0
                23 |    0.000000084348348 |             0
                24 |    0.000000092542404 |             0
                25 |    0.000000101532476 |             0
                26 |    0.000000111395892 |             0
                27 |    0.000000122217494 |             0
                28 |    0.000000134090366 |             0
                29 |    0.000000147116632 |             0
                30 |    0.000000161408341 |             0
                31 |    0.000000177088424 |             0
                32 |    0.000000194291755 |             0
                33 |    0.000000213166312 |             0
                34 |    0.000000233874445 |             0
                35 |    0.000000256594279 |             0
                36 |    0.000000281521241 |             0
                37 |    0.000000308869743 |             0
                38 |    0.000000338875028 |             0
                39 |    0.000000371795189 |             0
                40 |    0.000000407913393 |             0
                41 |    0.000000447540316 |             0
                42 |    0.000000491016813 |             0
                43 |    0.000000538716853 |             0
                44 |    0.000000591050734 |             0
                45 |    0.000000648468613 |             0
                46 |    0.000000711464376 |             0
                47 |    0.000000780579890 |             0
                48 |    0.000000856409660 |             0
                49 |    0.000000939605947 |             0
                50 |    0.000001030884372 |             1
                51 |    0.000001131030079 |             0
                52 |    0.000001240904484 |             5
                53 |    0.000001361452686 |             1
                54 |    0.000001493711595 |             6
                55 |    0.000001638818853 |             2
                56 |    0.000001798022618 |             6
                57 |    0.000001972692301 |             2
                58 |    0.000002164330346 |             2
                59 |    0.000002374585152 |             7
                60 |    0.000002605265251 |            11
                61 |    0.000002858354869 |            13
                62 |    0.000003136030986 |             9
                63 |    0.000003440682070 |            10
                64 |    0.000003774928615 |            10
                65 |    0.000004141645685 |            25
                66 |    0.000004543987642 |            23
                67 |    0.000004985415283 |            29
                68 |    0.000005469725603 |            35
                69 |    0.000006001084458 |            37
                70 |    0.000006584062398 |            54
                71 |    0.000007223673982 |            55
                72 |    0.000007925420909 |            52
                73 |    0.000008695339344 |            61
                74 |    0.000009540051838 |            60
                75 |    0.000010466824292 |            82
                76 |    0.000011483628456 |            78
                77 |    0.000012599210499 |            90
                78 |    0.000013823166241 |           131
                79 |    0.000015166023693 |           134
                80 |    0.000016639333611 |           117
                81 |    0.000018255768857 |           180
                82 |    0.000020029233403 |           166
                83 |    0.000021974981928 |           149
                84 |    0.000024109751033 |           146
                85 |    0.000026451903204 |           194
                86 |    0.000029021584759 |           186
                87 |    0.000031840899138 |           227
                88 |    0.000034934097029 |           200
                89 |    0.000038327784964 |           261
                90 |    0.000042051154179 |           212
                91 |    0.000046136231703 |           283
                92 |    0.000050618155847 |           274
                93 |    0.000055535478447 |           306
                94 |    0.000060930496473 |           297
                95 |    0.000066849615854 |           302
                96 |    0.000073343750642 |           327
                97 |    0.000080468760958 |           313
                98 |    0.000088285933476 |           369
                99 |    0.000096862508593 |           372
               100 |    0.000106272258801 |           343
               101 |    0.000116596123256 |           392
               102 |    0.000127922903979 |           379
               103 |    0.000140350029705 |           424
               104 |    0.000153984393924 |           476
               105 |    0.000168943274340 |           462
               106 |    0.000185355341652 |           502
               107 |    0.000203361766327 |           505
               108 |    0.000223117432899 |           552
               109 |    0.000244792272228 |           561
               110 |    0.000268572723181 |           600
               111 |    0.000294663336305 |           620
               112 |    0.000323288533304 |           644
               113 |    0.000354694537422 |           657
               114 |    0.000389151491367 |           647
               115 |    0.000426955780976 |           744
               116 |    0.000468432584618 |           772
               117 |    0.000513938670253 |           854
               118 |    0.000563865464220 |           872
               119 |    0.000618642418139 |           873
               120 |    0.000678740702891 |           963
               121 |    0.000744677261456 |           976
               122 |    0.000817019255466 |          1037
               123 |    0.000896388943711 |          1107
               124 |    0.000983469034581 |          1129
               125 |    0.001079008558468 |          1248
               126 |    0.001183829310642 |          1242
               127 |    0.001298832920034 |          1286
               128 |    0.001425008604702 |          1421
               129 |    0.001563441680721 |          1444
               130 |    0.001715322897667 |          1615
               131 |    0.001881958680993 |          1640
               132 |    0.002064782369420 |          1690
               133 |    0.002265366543977 |          1805
               134 |    0.002485436554754 |          1882
               135 |    0.002726885361723 |          1934
               136 |    0.002991789817269 |          2060
               137 |    0.003282428530497 |          2160
               138 |    0.003601301466978 |          2211
               139 |    0.003951151452517 |          2371
               140 |    0.004334987765916 |          2446
               141 |    0.004756112023667 |          2606
               142 |    0.005218146579219 |          2736
               143 |    0.005725065681110 |          2794
               144 |    0.006281229657970 |          2924
               145 |    0.006891422424435 |          3126
               146 |    0.007560892630593 |          3144
               147 |    0.008295398808909 |          3262
               148 |    0.009101258906973 |          3474
               149 |    0.009985404632120 |          3603
               150 |    0.010955441075384 |          3738
               151 |    0.012019712127653 |          3795
               152 |    0.013187372250695 |          3968
               153 |    0.014468465220420 |          4013
               154 |    0.015874010519682 |          4265
               155 |    0.017416098123755 |          4369
               156 |    0.019107992493781 |          4468
               157 |    0.020964246672701 |          4492
               158 |    0.023000827465100 |          4718
               159 |    0.025235252777681 |          4790
               160 |    0.027686742301760 |          4893
               161 |    0.030376382833861 |          5154
               162 |    0.033327309656456 |          5183
               163 |    0.036564905539022 |          5328
               164 |    0.040117019071134 |          5466
               165 |    0.044014204205620 |          5498
               166 |    0.048289983072245 |          5777
               167 |    0.052981134322542 |          5657
               168 |    0.058128009486020 |          5892
               169 |    0.063774880058943 |          6002
               170 |    0.069970318311187 |          6115
               171 |    0.076767615086755 |          6235
               172 |    0.084225238191691 |          6247
               173 |    0.092407335312296 |          6545
               174 |    0.101384285789547 |          6548
               175 |    0.111233305995881 |          6610
               176 |    0.122039113521565 |          6738
               177 |    0.133894655883742 |          6625
               178 |    0.146901910026228 |          6742
               179 |    0.161172759487068 |          6967
               180 |    0.176829956778903 |          6809
               181 |    0.194008179260204 |          6849
               182 |    0.212855187579562 |          6869
               183 |    0.233533096657561 |          6850
               184 |    0.256219770138721 |          7018
               185 |    0.281110350308086 |          6958
               186 |    0.308418936632215 |          7105
               187 |    0.338380427362762 |          7136
               188 |    0.371252540043438 |          7104
               189 |    0.407318028299978 |          7130
               190 |    0.446887113981147 |          6936
               191 |    0.490300155571111 |          7179
               192 |    0.537930575825909 |          7064
               193 |    0.590188073816397 |          7115
               194 |    0.647522149006522 |          6972
               195 |    0.710425967679689 |          7036
               196 |    0.779440604970775 |          7177
               197 |    0.855159698992207 |          6869
               198 |    0.938234557087081 |          7134
               199 |    1.029379758131485 |          6816
               200 |    1.129379299074873 |          6802
               201 |    1.239093338588782 |          6882
               202 |    1.359465595830182 |          6756
               203 |    1.491531467960909 |          6843
               204 |    1.636426936247029 |          6647
               205 |    1.795398337345042 |          6807
               206 |    1.969813083823960 |          6753
               207 |    2.161171426137041 |          6628
               208 |    2.371119357215431 |          6441
               209 |    2.601462770684065 |          6383
               210 |    2.854182994483628 |          6123
               211 |    3.131453833512833 |          6065
               212 |    3.435660267885626 |          5781
               213 |    3.769418967638615 |          5770
               214 |    4.135600800348611 |          5422
               215 |    4.537355525262443 |          5309
               216 |    4.978138886348555 |          6600
               217 |    5.461742337314913 |          6222
               218 |    5.992325654276534 |          5770
               219 |    6.574452716594792 |          5446
               220 |    7.213130763661592 |          5097
               221 |    7.913853465300999 |          4645
               222 |    8.682648176263521 |          4100
               223 |    9.526127781278628 |          3852
               224 |   10.451547576617436 |          3490
               225 |   11.466867677439021 |          3165
               226 |   12.580821487725668 |          2840
               227 |   13.802990821759311 |          2718
               228 |   15.143888323306518 |          2457
               229 |   16.615047891450271 |          4064
               230 |   20.000000000000000 |             0
