cycle   |  start |   source |       rr |      split |     absorb |    scatter |    fission |    produce |  collision |     escape |     census |    num_seg |   scalar_flux | ppControl (s) | cycleTracking (s) | cycleSync (s)
      0 |      0 |     4096 |        0 |      36864 |     154707 |    1408830 |     124185 |     248370 |    1687722 |          0 |      10438 |    3392593 |    1.243407e8 |  7.081e-3     |     2.53097e0     |  1.040e-3
      1 |  10438 |     4096 |        0 |      26438 |     183799 |    1605682 |     146693 |     293386 |    1936174 |          0 |       3866 |    3865559 |    1.585038e8 |  5.639e-3     |     3.08087e0     |  4.181e-3
      2 |   3866 |     4096 |        0 |      33010 |     171783 |    1512653 |     136828 |     273656 |    1821264 |          0 |       6017 |    3648944 |    1.564038e8 |  4.566e-3     |     2.88032e0     |  4.171e-3
      3 |   6017 |     4096 |        0 |      30841 |     178809 |    1566842 |     143287 |     286574 |    1888938 |          0 |       5432 |    3779548 |    1.638133e8 |  4.892e-3     |     3.15247e0     |  4.767e-3
      4 |   5432 |     4096 |      380 |      31492 |     178066 |    1570321 |     142603 |     285206 |    1890990 |          0 |       5177 |    3782522 |    1.647084e8 |  5.119e-3     |     2.97125e0     |  4.124e-3
      5 |   5177 |     4096 |       48 |      31693 |     176614 |    1553914 |     141209 |     282418 |    1871737 |          0 |       5513 |    3746309 |    1.590727e8 |  5.035e-3     |     2.92088e0     |  4.112e-3
      6 |   5513 |     4096 |      190 |      31329 |     177471 |    1559110 |     141882 |     283764 |    1878463 |          0 |       5159 |    3756829 |    1.613427e8 |  5.515e-3     |     2.93795e0     |  4.118e-3
      7 |   5159 |     4096 |      217 |      31719 |     173108 |    1517303 |     137766 |     275532 |    1828177 |          0 |       5415 |    3656578 |    1.574642e8 |  5.137e-3     |     2.86785e0     |  4.213e-3
      8 |   5415 |     4096 |      385 |      31411 |     177985 |    1565481 |     142784 |     285568 |    1886250 |          0 |       5336 |    3775419 |    1.625914e8 |  5.144e-3     |     2.94175e0     |  4.095e-3
      9 |   5336 |     4096 |      256 |      31490 |     181277 |    1602776 |     146073 |     292146 |    1930126 |          0 |       5462 |    3861393 |    1.619977e8 |  5.186e-3     |     3.01774e0     |  4.295e-3
     10 |   5462 |     4096 |      288 |      31415 |     177409 |    1563137 |     142357 |     284714 |    1882903 |          0 |       5633 |    3765652 |    1.630466e8 |  5.125e-3     |     2.93684e0     |  4.133e-3
     11 |   5633 |     4096 |      317 |      31280 |     179148 |    1583128 |     143899 |     287798 |    1906175 |          0 |       5443 |    3812234 |    1.646089e8 |  5.075e-3     |     2.98025e0     |  4.168e-3
     12 |   5443 |     4096 |      322 |      31457 |     174239 |    1531458 |     139131 |     278262 |    1844828 |          0 |       5566 |    3691209 |    1.590992e8 |  5.088e-3     |     2.94011e0     |  4.268e-3
     13 |   5566 |     4096 |      372 |      31297 |     175457 |    1541523 |     140260 |     280520 |    1857240 |          0 |       5390 |    3714748 |    1.623124e8 |  5.101e-3     |     2.89643e0     |  4.232e-3
     14 |   5390 |     4096 |      388 |      31511 |     178713 |    1580814 |     143676 |     287352 |    1903203 |          0 |       5572 |    3806125 |    1.664258e8 |  5.197e-3     |     2.96541e0     |  4.642e-3
     15 |   5572 |     4096 |      281 |      31275 |     174212 |    1528725 |     139086 |     278172 |    1842023 |          0 |       5536 |    3687297 |    1.604681e8 |  5.078e-3     |     2.88776e0     |  4.079e-3
     16 |   5536 |     4096 |      257 |      31328 |     179009 |    1576929 |     143682 |     287364 |    1899620 |          0 |       5376 |    3799640 |    1.636498e8 |  5.115e-3     |     2.99936e0     |  4.203e-3
     17 |   5376 |     4096 |      156 |      31460 |     174456 |    1531470 |     138851 |     277702 |    1844777 |          0 |       5171 |    3692319 |    1.569459e8 |  5.120e-3     |     2.90743e0     |  4.094e-3
     18 |   5171 |     4096 |      342 |      31681 |     175928 |    1547630 |     140753 |     281506 |    1864311 |          0 |       5431 |    3727856 |    1.616425e8 |  5.122e-3     |     2.92372e0     |  4.229e-3
     19 |   5431 |     4096 |      325 |      31532 |     178796 |    1570020 |     143375 |     286750 |    1892191 |          0 |       5313 |    3786618 |    1.626914e8 |  5.131e-3     |     2.96144e0     |  4.134e-3
     20 |   5313 |     4096 |      138 |      31425 |     178599 |    1570774 |     143525 |     287050 |    1892898 |          0 |       5622 |    3788937 |    1.629920e8 |  5.016e-3     |     2.96282e0     |  4.108e-3
     21 |   5622 |     4096 |      260 |      31238 |     181015 |    1597124 |     145806 |     291612 |    1923945 |          0 |       5487 |    3848780 |    1.659108e8 |  5.142e-3     |     3.01000e0     |  4.097e-3
     22 |   5487 |     4096 |      170 |      31356 |     179509 |    1579514 |     143942 |     287884 |    1902965 |          0 |       5202 |    3805903 |    1.667456e8 |  5.150e-3     |     2.98839e0     |  4.435e-3
     23 |   5202 |     4096 |      152 |      31707 |     176106 |    1542067 |     140405 |     280810 |    1858578 |          0 |       5152 |    3715906 |    1.603660e8 |  5.141e-3     |     2.90531e0     |  3.991e-3
     24 |   5152 |     4096 |      265 |      31655 |     173607 |    1525073 |     138533 |     277066 |    1837213 |          0 |       5564 |    3673520 |    1.600177e8 |  5.056e-3     |     2.85790e0     |  4.165e-3
     25 |   5564 |     4096 |      221 |      31274 |     176311 |    1549811 |     140940 |     281880 |    1867062 |          0 |       5342 |    3733424 |    1.612602e8 |  5.170e-3     |     2.91385e0     |  4.381e-3
     26 |   5342 |     4096 |      265 |      31549 |     175451 |    1542608 |     139911 |     279822 |    1857970 |          0 |       5182 |    3716006 |    1.624168e8 |  5.045e-3     |     2.89853e0     |  4.376e-3
     27 |   5182 |     4096 |      128 |      31729 |     173314 |    1521723 |     137756 |     275512 |    1832793 |          0 |       5321 |    3664389 |    1.598772e8 |  5.063e-3     |     2.87720e0     |  4.067e-3
     28 |   5321 |     4096 |      194 |      31562 |     172238 |    1503259 |     136762 |     273524 |    1812259 |          0 |       5309 |    3623972 |    1.574407e8 |  5.080e-3     |     2.83702e0     |  4.125e-3
     29 |   5309 |     4096 |      387 |      31627 |     174372 |    1531529 |     139240 |     278480 |    1845141 |          0 |       5513 |    3690592 |    1.604429e8 |  5.037e-3     |     2.87633e0     |  4.159e-3
     30 |   5513 |     4096 |      239 |      31313 |     177381 |    1559018 |     142031 |     284062 |    1878430 |          0 |       5333 |    3758904 |    1.658553e8 |  5.068e-3     |     2.94329e0     |  4.117e-3
     31 |   5333 |     4096 |      302 |      31521 |     179739 |    1584830 |     144555 |     289110 |    1909124 |          0 |       5464 |    3817046 |    1.618431e8 |  5.113e-3     |     2.97600e0     |  4.100e-3
     32 |   5464 |     4096 |      285 |      31402 |     181105 |    1596372 |     145895 |     291790 |    1923372 |          0 |       5467 |    3847960 |    1.696359e8 |  5.083e-3     |     3.02221e0     |  4.187e-3
     33 |   5467 |     4096 |      196 |      31391 |     179591 |    1588209 |     144546 |     289092 |    1912346 |          0 |       5713 |    3828630 |    1.660243e8 |  5.295e-3     |     2.99245e0     |  4.326e-3
     34 |   5713 |     4096 |      347 |      31125 |     178181 |    1567319 |     142895 |     285790 |    1888395 |          0 |       5301 |    3775631 |    1.639574e8 |  5.170e-3     |     2.96099e0     |  4.192e-3
     35 |   5301 |     4096 |      241 |      31505 |     172988 |    1522038 |     138058 |     276116 |    1833084 |          0 |       5731 |    3668072 |    1.593788e8 |  5.065e-3     |     2.86304e0     |  4.144e-3
     36 |   5731 |     4096 |      205 |      31059 |     179622 |    1581412 |     144158 |     288316 |    1905192 |          0 |       5217 |    3807947 |    1.642715e8 |  5.082e-3     |     2.97941e0     |  4.212e-3
     37 |   5217 |     4096 |      230 |      31688 |     177518 |    1565099 |     142383 |     284766 |    1885000 |          0 |       5636 |    3768882 |    1.630400e8 |  5.038e-3     |     2.98608e0     |  4.163e-3
     38 |   5636 |     4096 |      521 |      31188 |     180086 |    1591099 |     145183 |     290366 |    1916368 |          0 |       5496 |    3833707 |    1.661496e8 |  5.086e-3     |     3.01963e0     |  4.125e-3
     39 |   5496 |     4096 |      213 |      31404 |     173443 |    1522488 |     137873 |     275746 |    1833804 |          0 |       5213 |    3665837 |    1.596641e8 |  5.094e-3     |     2.89412e0     |  4.139e-3
     40 |   5213 |     4096 |      343 |      31700 |     178820 |    1574126 |     143553 |     287106 |    1896499 |          0 |       5399 |    3794493 |    1.642214e8 |  5.046e-3     |     2.98682e0     |  4.154e-3
     41 |   5399 |     4096 |      386 |      31505 |     175714 |    1550747 |     140532 |     281064 |    1866993 |          0 |       5432 |    3737988 |    1.625997e8 |  5.253e-3     |     2.91790e0     |  4.291e-3
     42 |   5432 |     4096 |      221 |      31399 |     174836 |    1537749 |     139681 |     279362 |    1852266 |          0 |       5551 |    3702314 |    1.613547e8 |  5.141e-3     |     2.91643e0     |  4.272e-3
     43 |   5551 |     4096 |      247 |      31251 |     178224 |    1565668 |     142746 |     285492 |    1886638 |          0 |       5173 |    3772382 |    1.643647e8 |  5.135e-3     |     2.95486e0     |  4.291e-3
     44 |   5173 |     4096 |      372 |      31705 |     177880 |    1565700 |     142840 |     285680 |    1886420 |          0 |       5562 |    3772357 |    1.612669e8 |  5.071e-3     |     2.95032e0     |  4.116e-3
     45 |   5562 |     4096 |      379 |      31386 |     173702 |    1525163 |     138321 |     276642 |    1837186 |          0 |       5284 |    3674183 |    1.599019e8 |  5.051e-3     |     2.86908e0     |  4.106e-3
     46 |   5284 |     4096 |      162 |      31574 |     173931 |    1526315 |     138663 |     277326 |    1838909 |          0 |       5524 |    3679423 |    1.608859e8 |  5.082e-3     |     2.86805e0     |  4.153e-3
     47 |   5524 |     4096 |      233 |      31300 |     178337 |    1574932 |     143390 |     286780 |    1896659 |          0 |       5740 |    3793935 |    1.658816e8 |  5.031e-3     |     2.98014e0     |  4.101e-3
     48 |   5740 |     4096 |      352 |      31165 |     179189 |    1580306 |     144120 |     288240 |    1903615 |          0 |       5580 |    3807683 |    1.671494e8 |  5.043e-3     |     2.98861e0     |  4.241e-3
     49 |   5580 |     4096 |      158 |      31320 |     177513 |    1560070 |     141974 |     283948 |    1879557 |          0 |       5299 |    3759743 |    1.648694e8 |  5.059e-3     |     2.93901e0     |  4.145e-3
     50 |   5299 |     4096 |      261 |      31427 |     173660 |    1532157 |     138865 |     277730 |    1844682 |          0 |       5766 |    3689838 |    1.627446e8 |  5.102e-3     |     2.87972e0     |  4.127e-3
     51 |   5766 |     4096 |      189 |      31094 |     174731 |    1532209 |     138972 |     277944 |    1845912 |          0 |       5008 |    3689013 |    1.615181e8 |  5.067e-3     |     2.88959e0     |  4.224e-3
     52 |   5008 |     4096 |      300 |      31845 |     177070 |    1563622 |     141945 |     283890 |    1882637 |          0 |       5524 |    3768442 |    1.616342e8 |  5.076e-3     |     2.94201e0     |  4.167e-3
     53 |   5524 |     4096 |      337 |      31388 |     177652 |    1562744 |     142475 |     284950 |    1882871 |          0 |       5494 |    3764836 |    1.656903e8 |  5.094e-3     |     2.95139e0     |  4.271e-3
     54 |   5494 |     4096 |      189 |      31370 |     177177 |    1559866 |     142009 |     284018 |    1879052 |          0 |       5603 |    3755707 |    1.649156e8 |  5.057e-3     |     2.97350e0     |  4.144e-3
     55 |   5603 |     4096 |      384 |      31291 |     172302 |    1505238 |     136899 |     273798 |    1814439 |          0 |       5203 |    3629702 |    1.607499e8 |  5.012e-3     |     2.84702e0     |  4.187e-3
     56 |   5203 |     4096 |      299 |      31690 |     174862 |    1536091 |     139654 |     279308 |    1850607 |          0 |       5482 |    3701094 |    1.629128e8 |  5.093e-3     |     2.88792e0     |  4.078e-3
     57 |   5482 |     4096 |      301 |      31400 |     175027 |    1535588 |     139798 |     279596 |    1850413 |          0 |       5448 |    3700005 |    1.606981e8 |  5.091e-3     |     2.89731e0     |  4.139e-3
     58 |   5448 |     4096 |      319 |      31447 |     176320 |    1549585 |     140980 |     281960 |    1866885 |          0 |       5332 |    3734455 |    1.621477e8 |  5.248e-3     |     2.95127e0     |  4.342e-3
     59 |   5332 |     4096 |      251 |      31507 |     174207 |    1528915 |     138916 |     277832 |    1842038 |          0 |       5393 |    3685143 |    1.597204e8 |  5.076e-3     |     2.87831e0     |  4.142e-3
     60 |   5393 |     4096 |      267 |      31516 |     177923 |    1563878 |     142621 |     285242 |    1884422 |          0 |       5436 |    3768709 |    1.633354e8 |  5.135e-3     |     3.04587e0     |  4.121e-3
     61 |   5436 |     4096 |      169 |      31497 |     171256 |    1496699 |     135534 |     271068 |    1803489 |          0 |       5138 |    3607648 |    1.600081e8 |  5.094e-3     |     2.83925e0     |  4.207e-3
     62 |   5138 |     4096 |      229 |      31769 |     174340 |    1531734 |     138805 |     277610 |    1844879 |          0 |       5239 |    3686863 |    1.614432e8 |  5.083e-3     |     2.87682e0     |  4.149e-3
     63 |   5239 |     4096 |      152 |      31612 |     174504 |    1529983 |     139180 |     278360 |    1843667 |          0 |       5471 |    3687268 |    1.574507e8 |  5.017e-3     |     2.91005e0     |  4.160e-3
     64 |   5471 |     4096 |      275 |      31343 |     173176 |    1518138 |     137847 |     275694 |    1829161 |          0 |       5306 |    3658940 |    1.601449e8 |  5.082e-3     |     2.86151e0     |  4.238e-3
     65 |   5306 |     4096 |      384 |      31583 |     177501 |    1566706 |     142276 |     284552 |    1886483 |          0 |       5376 |    3773203 |    1.618553e8 |  5.056e-3     |     2.94275e0     |  4.132e-3
     66 |   5376 |     4096 |      208 |      31463 |     176735 |    1551481 |     141288 |     282576 |    1869504 |          0 |       5280 |    3738904 |    1.629020e8 |  5.662e-3     |     2.90939e0     |  4.118e-3
     67 |   5280 |     4096 |      277 |      31676 |     173387 |    1520062 |     138079 |     276158 |    1831528 |          0 |       5467 |    3663610 |    1.568737e8 |  5.079e-3     |     2.86710e0     |  4.113e-3
     68 |   5467 |     4096 |      320 |      31432 |     178194 |    1567365 |     142894 |     285788 |    1888453 |          0 |       5375 |    3778551 |    1.607223e8 |  5.009e-3     |     2.97119e0     |  4.059e-3
     69 |   5375 |     4096 |      415 |      31407 |     173757 |    1529768 |     138786 |     277572 |    1842311 |          0 |       5492 |    3682431 |    1.592499e8 |  5.135e-3     |     2.87548e0     |  4.322e-3
     70 |   5492 |     4096 |      229 |      31387 |     176909 |    1555844 |     141487 |     282974 |    1874240 |          0 |       5324 |    3749960 |    1.611946e8 |  5.070e-3     |     2.93296e0     |  4.116e-3
     71 |   5324 |     4096 |      361 |      31512 |     176146 |    1550275 |     141199 |     282398 |    1867620 |          0 |       5624 |    3737529 |    1.645926e8 |  5.112e-3     |     2.91533e0     |  4.115e-3
     72 |   5624 |     4096 |      443 |      31266 |     177545 |    1563962 |     142142 |     284284 |    1883649 |          0 |       5140 |    3762487 |    1.644301e8 |  5.073e-3     |     2.93209e0     |  4.140e-3
     73 |   5140 |     4096 |      245 |      31766 |     178191 |    1569969 |     142972 |     285944 |    1891132 |          0 |       5538 |    3782784 |    1.647574e8 |  5.090e-3     |     2.97777e0     |  4.445e-3
     74 |   5538 |     4096 |      147 |      31333 |     178991 |    1577581 |     143574 |     287148 |    1900146 |          0 |       5403 |    3797521 |    1.633896e8 |  5.042e-3     |     2.97101e0     |  4.173e-3
     75 |   5403 |     4096 |      214 |      31370 |     179507 |    1586592 |     144469 |     288938 |    1910568 |          0 |       5617 |    3822469 |    1.641803e8 |  5.303e-3     |     2.98975e0     |  5.308e-3
     76 |   5617 |     4096 |      475 |      31221 |     179012 |    1581063 |     144106 |     288212 |    1904181 |          0 |       5553 |    3808055 |    1.657693e8 |  5.599e-3     |     2.97814e0     |  4.095e-3
     77 |   5553 |     4096 |      418 |      31317 |     173228 |    1521510 |     138023 |     276046 |    1832761 |          0 |       5343 |    3664013 |    1.632276e8 |  5.170e-3     |     2.86146e0     |  4.127e-3
     78 |   5343 |     4096 |      243 |      31559 |     179592 |    1576255 |     144037 |     288074 |    1899884 |          0 |       5200 |    3798559 |    1.665420e8 |  5.121e-3     |     2.99315e0     |  4.284e-3
     79 |   5200 |     4096 |      405 |      31682 |     174596 |    1537298 |     139702 |     279404 |    1851596 |          0 |       5679 |    3702877 |    1.609955e8 |  5.075e-3     |     2.94817e0     |  4.130e-3
     80 |   5679 |     4096 |      272 |      31166 |     177894 |    1563003 |     142630 |     285260 |    1883527 |          0 |       5405 |    3766294 |    1.671099e8 |  5.068e-3     |     2.96291e0     |  4.152e-3
     81 |   5405 |     4096 |      243 |      31386 |     173983 |    1523716 |     138605 |     277210 |    1836304 |          0 |       5266 |    3671689 |    1.621037e8 |  5.049e-3     |     2.89676e0     |  4.113e-3
     82 |   5266 |     4096 |      280 |      31573 |     179327 |    1584281 |     144188 |     288376 |    1907796 |          0 |       5516 |    3813866 |    1.646671e8 |  5.096e-3     |     2.97535e0     |  4.116e-3
     83 |   5516 |     4096 |      270 |      31411 |     177597 |    1563232 |     142405 |     284810 |    1883234 |          0 |       5561 |    3766988 |    1.616724e8 |  5.297e-3     |     2.97524e0     |  4.105e-3
     84 |   5561 |     4096 |      215 |      31336 |     176872 |    1551287 |     141396 |     282792 |    1869555 |          0 |       5302 |    3740183 |    1.633738e8 |  5.063e-3     |     2.92791e0     |  4.154e-3
     85 |   5302 |     4096 |      233 |      31519 |     175291 |    1535023 |     139712 |     279424 |    1850026 |          0 |       5105 |    3699329 |    1.601329e8 |  5.089e-3     |     2.90079e0     |  4.076e-3
     86 |   5105 |     4096 |      344 |      31753 |     174031 |    1534206 |     138832 |     277664 |    1847069 |          0 |       5411 |    3692206 |    1.549708e8 |  5.077e-3     |     2.88442e0     |  4.102e-3
     87 |   5411 |     4096 |      298 |      31488 |     178191 |    1572788 |     143013 |     286026 |    1893992 |          0 |       5519 |    3789538 |    1.620302e8 |  5.083e-3     |     2.95664e0     |  4.155e-3
     88 |   5519 |     4096 |      288 |      31266 |     174629 |    1532278 |     139028 |     278056 |    1845935 |          0 |       4992 |    3694083 |    1.624479e8 |  5.061e-3     |     2.90898e0     |  4.108e-3
     89 |   4992 |     4096 |      241 |      31885 |     174100 |    1528349 |     138819 |     277638 |    1841268 |          0 |       5451 |    3684109 |    1.573005e8 |  5.075e-3     |     2.89097e0     |  4.108e-3
     90 |   5451 |     4096 |      376 |      31405 |     180275 |    1586403 |     144911 |     289822 |    1911589 |          0 |       5212 |    3823452 |    1.609391e8 |  5.094e-3     |     2.98462e0     |  4.096e-3
     91 |   5212 |     4096 |      257 |      31631 |     179444 |    1585265 |     144154 |     288308 |    1908863 |          0 |       5392 |    3814182 |    1.645609e8 |  5.074e-3     |     2.96488e0     |  4.158e-3
     92 |   5392 |     4096 |      278 |      31492 |     174793 |    1533989 |     139406 |     278812 |    1848188 |          0 |       5315 |    3698844 |    1.589938e8 |  5.231e-3     |     2.89169e0     |  4.097e-3
     93 |   5315 |     4096 |      327 |      31540 |     177598 |    1564900 |     142457 |     284914 |    1884955 |          0 |       5483 |    3770251 |    1.624087e8 |  5.077e-3     |     2.97176e0     |  4.143e-3
     94 |   5483 |     4096 |      220 |      31366 |     175701 |    1541981 |     140135 |     280270 |    1857817 |          0 |       5159 |    3715421 |    1.598758e8 |  5.136e-3     |     2.91374e0     |  4.195e-3
     95 |   5159 |     4096 |      193 |      31632 |     173821 |    1523749 |     138276 |     276552 |    1835846 |          0 |       5149 |    3673104 |    1.594541e8 |  5.143e-3     |     2.85888e0     |  4.207e-3
     96 |   5149 |     4096 |      133 |      31724 |     180217 |    1587710 |     144912 |     289824 |    1912839 |          0 |       5531 |    3825615 |    1.630796e8 |  5.109e-3     |     2.98852e0     |  4.080e-3
     97 |   5531 |     4096 |      276 |      31289 |     175790 |    1544371 |     140478 |     280956 |    1860639 |          0 |       5328 |    3720633 |    1.593781e8 |  5.047e-3     |     2.90831e0     |  4.157e-3
     98 |   5328 |     4096 |      201 |      31578 |     172182 |    1507971 |     136628 |     273256 |    1816781 |          0 |       5247 |    3631450 |    1.552519e8 |  5.109e-3     |     2.84698e0     |  4.140e-3
     99 |   5247 |     4096 |      146 |      31586 |     173576 |    1523120 |     138109 |     276218 |    1834805 |          0 |       5316 |    3669836 |    1.609161e8 |  5.080e-3     |     2.90449e0     |  4.149e-3